1 0 184 4
1 0 29 4
1 0 31 4
1 0 12 3
1 0 51 3
1 0 102 3
1 0 13 2
1 0 14 2
1 0 15 2
1 0 57 4
1 0 378 4
1 0 859 4
1 0 185 3
1 0 30 3
1 0 37 3
1 0 52 2
1 0 142 2
1 0 195 2
1 0 875 4
1 0 56 3
1 0 66 3
1 0 95 3
1 0 462 2
1 0 497 3
1 0 858 3
1 0 876 3
1 0 879 3
1 0 880 3
1 0 486 1
2 0 12 5
2 0 15 4
2 0 184 4
2 0 858 4
2 0 51 3
2 0 102 3
2 0 202 3
2 0 14 2
2 0 52 2
2 0 380 2
2 0 746 5
2 0 859 4
2 0 948 4
2 0 285 3
2 0 390 3
2 0 391 3
2 0 442 2
2 0 497 3
2 0 643 3
2 0 856 3
2 0 857 3
2 0 877 3
2 0 864 3
2 0 658 3
2 0 486 1
3 0 5 3
3 0 6 3
3 0 90 3
3 0 91 3
3 0 119 3
3 0 144 3
3 0 181 3
3 0 399 3
3 0 485 1
4 0 236 3
4 0 166 3
4 0 488 1
5 0 552 5
5 0 401 3
5 0 1297 3
5 0 1296 5
5 0 488 1
6 0 99 4
6 0 115 3
6 0 257 3
6 0 258 3
6 0 491 1
7 0 20 4
7 0 56 3
7 0 57 3
7 0 58 3
7 0 19 2
7 0 492 1
8 0 48 5
8 0 122 5
8 0 20 3
8 0 58 3
8 0 196 3
8 0 354 5
8 0 360 5
8 0 197 3
8 0 999 3
8 0 1112 3
8 0 1005 5
8 0 492 1
9 0 21 4
9 0 22 4
9 0 550 4
9 0 534 1
10 0 259 4
10 0 405 4
10 0 302 3
10 0 436 3
10 0 437 3
10 0 438 3
10 0 998 3
10 0 1011 3
10 0 493 1
11 0 27 3
11 0 28 3
11 0 262 3
11 0 160 2
11 0 20 2
11 0 263 3
11 0 654 2
11 0 495 1
12 0 86 4
12 0 194 4
12 0 650 4
12 0 649 2
12 0 652 4
12 0 624 1
13 0 64 4
13 0 265 4
13 0 65 2
13 0 311 2
13 0 496 1
14 0 64 5
14 0 65 2
14 0 496 1
15 0 463 5
15 0 462 3
15 0 497 1
16 0 266 4
16 0 106 3
16 0 196 3
16 0 498 1
17 0 106 4
17 0 196 3
17 0 498 1
18 0 196 4
18 0 197 4
18 0 198 4
18 0 498 1
19 0 32 4
19 0 67 4
19 0 164 4
19 0 639 3
19 0 715 3
19 0 716 3
19 0 719 2
19 0 1379 2
19 0 717 3
19 0 499 1
20 0 87 3
20 0 88 3
20 0 104 3
20 0 267 3
20 0 268 3
20 0 269 3
20 0 270 3
20 0 407 3
20 0 408 3
20 0 500 1
21 0 271 5
21 0 16 4
21 0 413 4
21 0 414 3
21 0 502 1
22 0 68 5
22 0 502 1
23 0 900 5
23 0 902 5
23 0 200 4
23 0 201 4
23 0 601 4
23 0 899 3
23 0 903 3
23 0 593 3
23 0 199 2
23 0 594 2
23 0 901 4
23 0 544 4
23 0 597 4
23 0 749 3
23 0 917 3
23 0 919 3
23 0 1333 2
23 0 634 4
23 0 687 4
23 0 698 4
23 0 1290 3
23 0 700 4
23 0 704 4
23 0 705 4
23 0 1109 4
23 0 1112 4
23 0 1141 4
23 0 1197 4
23 0 1256 4
23 0 1259 4
23 0 1272 4
23 0 1289 4
23 0 892 1
24 0 46 4
24 0 47 4
24 0 92 3
24 0 756 1
25 0 213 4
25 0 212 3
25 0 214 3
25 0 215 3
25 0 216 3
25 0 276 3
25 0 277 3
25 0 426 3
25 0 427 3
25 0 511 1
26 0 145 5
26 0 611 5
26 0 376 4
26 0 406 4
26 0 565 4
26 0 1076 4
26 0 511 1
27 0 224 4
27 0 278 3
27 0 428 3
27 0 512 1
28 0 224 3
28 0 279 3
28 0 512 1
29 0 250 4
29 0 514 4
29 0 609 4
29 0 225 3
29 0 793 3
29 0 464 2
29 0 465 2
29 0 612 4
29 0 466 2
29 0 513 1
30 0 225 4
30 0 464 4
30 0 514 4
30 0 466 3
30 0 609 3
30 0 612 3
30 0 793 2
30 0 513 1
31 0 776 2
31 0 751 1
32 0 465 4
32 0 249 3
32 0 777 3
32 0 778 3
32 0 247 2
32 0 250 2
32 0 752 1
33 0 252 3
33 0 431 3
33 0 141 2
33 0 516 1
34 0 252 5
34 0 431 3
34 0 672 3
34 0 714 3
34 0 799 3
34 0 800 3
34 0 516 1
35 0 166 5
35 0 167 5
35 0 132 3
35 0 517 1
36 0 169 4
36 0 168 3
36 0 518 1
37 0 173 4
37 0 188 4
37 0 172 3
37 0 97 3
37 0 121 3
37 0 187 3
37 0 242 3
37 0 409 3
37 0 487 3
37 0 519 1
38 0 24 4
38 0 283 4
38 0 552 4
38 0 272 3
38 0 557 2
38 0 558 2
38 0 553 4
38 0 554 4
38 0 555 4
38 0 556 4
38 0 536 1
39 0 272 5
39 0 555 5
39 0 24 4
39 0 283 4
39 0 552 4
39 0 79 3
39 0 207 3
39 0 418 3
39 0 557 2
39 0 554 4
39 0 556 4
39 0 505 3
39 0 1257 3
39 0 536 1
40 0 24 4
40 0 283 4
40 0 552 4
40 0 272 3
40 0 85 3
40 0 976 3
40 0 557 2
40 0 558 2
40 0 553 4
40 0 554 4
40 0 555 4
40 0 556 4
40 0 536 1
41 0 288 5
41 0 289 5
41 0 433 4
41 0 520 1
42 0 468 4
42 0 467 3
42 0 469 3
42 0 470 3
42 0 775 2
42 0 521 1
43 0 467 5
43 0 468 5
43 0 39 3
43 0 503 3
43 0 775 3
43 0 469 5
43 0 521 1
44 0 302 3
44 0 436 3
44 0 437 2
44 0 524 1
45 0 305 4
45 0 570 4
45 0 308 3
45 0 481 3
45 0 338 3
45 0 1226 2
45 0 1355 2
45 0 1185 3
45 0 629 3
45 0 663 3
45 0 798 3
45 0 572 3
45 0 525 1
46 0 305 4
46 0 338 3
46 0 344 3
46 0 481 3
46 0 84 2
46 0 123 2
46 0 1185 2
46 0 623 3
46 0 570 3
46 0 798 3
46 0 1226 2
46 0 629 2
46 0 663 2
46 0 572 2
46 0 1355 2
46 0 525 1
47 0 304 4
47 0 306 4
47 0 307 4
47 0 305 3
47 0 629 3
47 0 663 3
47 0 308 2
47 0 309 4
47 0 310 4
47 0 570 4
47 0 798 3
47 0 1185 3
47 0 1355 3
47 0 572 4
47 0 525 1
48 0 439 4
48 0 311 3
48 0 316 3
48 0 440 3
48 0 187 2
48 0 314 2
48 0 315 2
48 0 797 3
48 0 798 3
48 0 794 2
48 0 265 2
48 0 526 1
49 0 320 3
49 0 478 2
49 0 527 1
50 0 326 4
50 0 629 4
50 0 21 2
50 0 94 2
50 0 22 2
50 0 306 2
50 0 528 1
51 0 94 5
51 0 23 4
51 0 105 4
51 0 381 4
51 0 192 3
51 0 326 2
51 0 63 2
51 0 494 4
51 0 629 4
51 0 261 2
51 0 528 1
52 0 21 4
52 0 22 4
52 0 306 4
52 0 326 2
52 0 528 1
53 0 296 3
53 0 33 3
53 0 446 2
53 0 447 2
53 0 448 2
53 0 449 2
53 0 208 2
53 0 297 2
53 0 298 2
53 0 299 2
53 0 531 1
54 0 84 4
54 0 24 3
54 0 101 3
54 0 294 3
54 0 628 2
54 0 661 2
54 0 364 3
54 0 365 3
54 0 560 3
54 0 123 1
55 0 16 4
55 0 375 4
55 0 460 4
55 0 378 3
55 0 255 3
55 0 271 3
55 0 376 2
55 0 377 2
55 0 562 4
55 0 502 3
55 0 538 1
56 0 380 4
56 0 749 3
56 0 1339 3
56 0 14 2
56 0 705 2
56 0 779 2
56 0 780 2
56 0 379 2
56 0 643 2
56 0 686 2
56 0 753 1
57 0 380 4
57 0 593 3
57 0 746 3
57 0 914 3
57 0 14 2
57 0 379 2
57 0 705 2
57 0 779 2
57 0 780 2
57 0 704 2
57 0 12 2
57 0 15 2
57 0 857 2
57 0 859 2
57 0 753 1
58 0 788 4
58 0 785 3
58 0 786 3
58 0 787 3
58 0 23 2
58 0 381 2
58 0 382 2
58 0 784 2
58 0 789 2
58 0 754 1
59 0 788 4
59 0 785 3
59 0 786 3
59 0 787 3
59 0 754 1
60 0 475 4
60 0 476 3
60 0 527 3
60 0 320 2
60 0 478 2
60 0 322 1
61 0 565 4
61 0 566 4
61 0 564 3
61 0 1159 3
61 0 661 2
61 0 539 1
62 0 566 5
62 0 567 4
62 0 1084 4
62 0 1078 3
62 0 1081 3
62 0 539 1
63 0 567 5
63 0 564 3
63 0 566 3
63 0 539 1
64 0 390 5
64 0 391 4
64 0 627 1
65 0 2 4
65 0 3 4
65 0 128 4
65 0 180 3
65 0 323 3
65 0 324 3
65 0 418 2
65 0 664 4
65 0 629 4
65 0 393 3
65 0 394 3
65 0 659 3
65 0 4 3
65 0 384 3
65 0 1302 3
65 0 388 1
66 0 664 4
66 0 629 4
66 0 180 3
66 0 659 3
66 0 660 3
66 0 388 1
67 0 2 5
67 0 3 5
67 0 664 4
67 0 629 4
67 0 323 3
67 0 324 3
67 0 393 3
67 0 128 5
67 0 180 5
67 0 394 3
67 0 659 3
67 0 389 3
67 0 4 3
67 0 1302 3
67 0 388 1
68 0 662 4
68 0 101 3
68 0 460 3
68 0 661 3
68 0 62 3
68 0 628 1
69 0 458 4
69 0 570 4
69 0 977 3
69 0 62 3
69 0 336 2
69 0 540 1
70 0 333 5
70 0 568 4
70 0 570 4
70 0 62 4
70 0 101 3
70 0 283 3
70 0 565 3
70 0 24 2
70 0 977 3
70 0 307 3
70 0 540 1
71 0 569 5
71 0 571 5
71 0 1355 4
71 0 101 3
71 0 655 3
71 0 1213 3
71 0 798 2
71 0 572 5
71 0 540 1
72 0 21 4
72 0 324 4
72 0 630 4
72 0 94 3
72 0 664 3
72 0 304 3
72 0 128 2
72 0 323 2
72 0 663 2
72 0 570 3
72 0 494 3
72 0 305 2
72 0 309 2
72 0 571 2
72 0 655 2
72 0 388 2
72 0 62 2
72 0 629 1
73 0 332 4
73 0 572 4
73 0 578 4
73 0 573 3
73 0 574 3
73 0 421 3
73 0 25 2
73 0 317 2
73 0 577 2
73 0 401 4
73 0 625 4
73 0 160 3
73 0 1213 3
73 0 1304 3
73 0 1198 2
73 0 655 2
73 0 1355 2
73 0 68 3
73 0 571 3
73 0 1252 3
73 0 541 1
74 0 576 4
74 0 656 4
74 0 575 3
74 0 317 2
74 0 574 2
74 0 578 2
74 0 541 1
75 0 667 4
75 0 324 3
75 0 378 3
75 0 666 3
75 0 670 3
75 0 630 1
76 0 378 4
76 0 667 4
76 0 324 3
76 0 666 3
76 0 670 3
76 0 1391 3
76 0 329 3
76 0 630 1
77 0 668 4
77 0 666 3
77 0 667 3
77 0 670 3
77 0 329 2
77 0 1391 2
77 0 630 1
78 0 588 4
78 0 589 3
78 0 590 3
78 0 543 1
79 0 597 3
79 0 598 3
79 0 688 2
79 0 708 2
79 0 713 2
79 0 544 1
80 0 594 5
80 0 597 5
80 0 596 3
80 0 598 3
80 0 544 1
81 0 672 5
81 0 799 2
81 0 631 1
82 0 676 4
82 0 677 4
82 0 678 3
82 0 679 3
82 0 205 3
82 0 632 1
83 0 680 4
83 0 681 4
83 0 682 4
83 0 683 4
83 0 633 1
84 0 606 4
84 0 406 4
84 0 608 3
84 0 142 3
84 0 294 3
84 0 354 2
84 0 522 2
84 0 962 3
84 0 1192 3
84 0 1213 3
84 0 873 2
84 0 546 1
85 0 608 5
85 0 406 4
85 0 606 3
85 0 710 3
85 0 546 1
86 0 594 3
86 0 790 3
86 0 755 1
87 0 606 4
87 0 611 4
87 0 562 3
87 0 50 2
87 0 236 2
87 0 609 2
87 0 612 2
87 0 406 2
87 0 547 1
88 0 613 4
88 0 614 4
88 0 615 4
88 0 616 3
88 0 617 3
88 0 618 2
88 0 548 1
89 0 793 4
89 0 794 4
89 0 797 3
89 0 795 2
89 0 796 2
89 0 420 2
89 0 757 1
90 0 794 4
90 0 797 4
90 0 798 4
90 0 793 3
90 0 796 3
90 0 291 3
90 0 800 2
90 0 1187 2
90 0 256 4
90 0 311 3
90 0 335 3
90 0 1364 3
90 0 1367 2
90 0 757 1
91 0 252 4
91 0 801 4
91 0 797 3
91 0 799 3
91 0 800 3
91 0 793 2
91 0 794 2
91 0 1154 3
91 0 672 2
91 0 757 1
92 0 802 4
92 0 803 4
92 0 808 3
92 0 809 3
92 0 811 3
92 0 804 2
92 0 805 2
92 0 806 2
92 0 253 3
92 0 1247 3
92 0 807 2
92 0 810 2
92 0 1243 2
92 0 758 1
93 0 691 3
93 0 635 1
94 0 24 5
94 0 283 3
94 0 294 3
94 0 559 3
94 0 689 2
94 0 690 2
94 0 101 2
94 0 1393 3
94 0 354 2
94 0 1104 2
94 0 1161 2
94 0 1395 2
94 0 635 1
95 0 283 5
95 0 662 2
95 0 635 1
96 0 703 3
96 0 704 3
96 0 705 3
96 0 698 2
96 0 699 2
96 0 700 2
96 0 1289 3
96 0 779 3
96 0 701 2
96 0 702 2
96 0 706 2
96 0 792 2
96 0 1339 2
96 0 637 1
97 0 699 3
97 0 700 3
97 0 701 3
97 0 698 2
97 0 1289 2
97 0 702 3
97 0 703 3
97 0 779 3
97 0 1339 2
97 0 681 3
97 0 637 1
98 0 713 4
98 0 708 2
98 0 709 2
98 0 711 2
98 0 712 2
98 0 638 1
99 0 717 4
99 0 719 4
99 0 1001 3
99 0 1379 3
99 0 639 1
100 0 821 4
100 0 822 4
100 0 824 4
100 0 820 3
100 0 823 3
100 0 825 3
100 0 1122 4
100 0 1051 3
100 0 1121 3
100 0 760 1
101 0 817 4
101 0 818 4
101 0 819 4
101 0 820 3
101 0 825 3
101 0 824 4
101 0 760 1
102 0 728 5
102 0 913 4
102 0 910 3
102 0 911 2
102 0 729 1
103 0 826 3
103 0 828 3
103 0 761 1
104 0 833 3
104 0 834 3
104 0 835 3
104 0 836 3
104 0 837 3
104 0 762 1
105 0 848 3
105 0 844 2
105 0 845 2
105 0 846 2
105 0 847 2
105 0 764 1
106 0 847 4
106 0 846 3
106 0 849 3
106 0 844 2
106 0 845 2
106 0 764 1
107 0 725 4
107 0 728 4
107 0 729 3
107 0 911 3
107 0 720 2
107 0 75 2
107 0 909 2
107 0 640 1
108 0 724 4
108 0 726 4
108 0 727 4
108 0 75 3
108 0 909 3
108 0 720 2
108 0 723 2
108 0 640 1
109 0 860 5
109 0 861 5
109 0 606 3
109 0 980 3
109 0 12 3
109 0 766 1
110 0 862 5
110 0 863 5
110 0 31 3
110 0 1174 2
110 0 766 1
111 0 15 4
111 0 391 4
111 0 864 4
111 0 914 3
111 0 392 3
111 0 627 3
111 0 658 3
111 0 894 1
112 0 731 3
112 0 730 2
112 0 641 1
113 0 746 3
113 0 748 3
113 0 749 3
113 0 265 3
113 0 643 1
114 0 919 5
114 0 916 4
114 0 920 3
114 0 921 3
114 0 895 1
115 0 51 4
115 0 185 4
115 0 878 3
115 0 874 2
115 0 184 1
116 0 922 5
116 0 360 3
116 0 605 3
116 0 927 3
116 0 492 2
116 0 896 1
117 0 360 4
117 0 605 3
117 0 896 1
118 0 923 4
118 0 924 3
118 0 925 3
118 0 896 1
119 0 926 2
119 0 897 1
120 0 829 4
120 0 887 4
120 0 890 4
120 0 885 3
120 0 886 3
120 0 888 3
120 0 889 2
120 0 1146 4
120 0 891 3
120 0 769 1
121 0 885 5
121 0 886 5
121 0 1146 4
121 0 887 5
121 0 888 5
121 0 890 5
121 0 891 5
121 0 769 1
122 0 931 2
122 0 932 4
122 0 934 2
122 0 935 2
122 0 936 4
122 0 937 4
122 0 938 4
122 0 957 3
122 0 1131 3
122 0 898 1
123 0 966 4
123 0 967 3
123 0 941 1
124 0 967 4
124 0 968 4
124 0 964 3
124 0 965 3
124 0 941 1
125 0 969 4
125 0 970 4
125 0 971 4
125 0 187 3
125 0 973 3
125 0 173 3
125 0 974 2
125 0 177 2
125 0 972 4
125 0 174 4
125 0 997 4
125 0 176 3
125 0 409 3
125 0 946 3
125 0 992 3
125 0 994 3
125 0 995 3
125 0 942 1
126 0 974 4
126 0 1326 4
126 0 187 3
126 0 969 3
126 0 970 3
126 0 971 3
126 0 972 3
126 0 973 3
126 0 942 1
127 0 101 4
127 0 164 4
127 0 981 3
127 0 982 2
127 0 983 2
127 0 944 1
128 0 985 3
128 0 990 3
128 0 945 1
129 0 985 4
129 0 987 4
129 0 984 3
129 0 988 3
129 0 989 3
129 0 986 2
129 0 990 3
129 0 945 1
130 0 766 4
130 0 858 3
130 0 859 3
130 0 1008 3
130 0 12 3
130 0 948 1
131 0 1014 4
131 0 1020 4
131 0 1013 3
131 0 1016 3
131 0 1017 3
131 0 1012 2
131 0 1018 3
131 0 1019 3
131 0 950 1
132 0 1014 5
132 0 1013 3
132 0 1015 3
132 0 1016 3
132 0 1012 2
132 0 1018 2
132 0 1019 2
132 0 1017 3
132 0 951 3
132 0 1023 3
132 0 1020 2
132 0 952 2
132 0 1024 2
132 0 1025 3
132 0 1026 3
132 0 950 1
133 0 1020 5
133 0 1018 4
133 0 1019 4
133 0 1024 3
133 0 1012 2
133 0 1016 2
133 0 1022 2
133 0 950 1
134 0 1027 4
134 0 1028 3
134 0 951 1
135 0 1018 5
135 0 1017 2
135 0 1023 2
135 0 1024 2
135 0 1025 2
135 0 1026 2
135 0 950 2
135 0 1016 2
135 0 951 1
136 0 1021 5
136 0 1022 2
136 0 1034 2
136 0 951 1
137 0 1029 4
137 0 1034 3
137 0 951 3
137 0 1021 3
137 0 952 1
138 0 846 5
138 0 1036 5
138 0 953 1
139 0 1031 4
139 0 1032 4
139 0 1035 4
139 0 1037 2
139 0 953 1
140 0 1038 5
140 0 1039 5
140 0 1041 4
140 0 1042 4
140 0 1043 2
140 0 1044 2
140 0 954 1
141 0 1038 5
141 0 1041 5
141 0 1043 4
141 0 1044 4
141 0 1039 3
141 0 1042 3
141 0 954 1
142 0 1042 5
142 0 954 1
143 0 1043 5
143 0 1044 5
143 0 954 1
144 0 840 4
144 0 1045 4
144 0 763 3
144 0 838 3
144 0 839 3
144 0 841 3
144 0 955 1
145 0 763 4
145 0 838 4
145 0 839 4
145 0 1045 3
145 0 743 3
145 0 852 2
145 0 841 4
145 0 955 1
146 0 840 5
146 0 1045 3
146 0 955 1
147 0 889 3
147 0 1046 3
147 0 1048 3
147 0 1047 2
147 0 1049 2
147 0 1051 2
147 0 1050 3
147 0 843 3
147 0 926 2
147 0 822 2
147 0 956 1
148 0 889 4
148 0 1048 4
148 0 1050 4
148 0 1046 3
148 0 1049 3
148 0 843 3
148 0 956 1
149 0 1057 3
149 0 1058 3
149 0 1059 3
149 0 1052 2
149 0 930 3
149 0 931 3
149 0 934 3
149 0 936 3
149 0 937 3
149 0 938 3
149 0 1131 3
149 0 957 1
150 0 1074 3
150 0 1075 3
150 0 1062 1
151 0 687 4
151 0 1076 4
151 0 1074 3
151 0 1075 2
151 0 1077 2
151 0 1062 1
152 0 1076 5
152 0 1077 3
152 0 569 3
152 0 572 3
152 0 687 2
152 0 655 3
152 0 1062 1
153 0 1078 3
153 0 1083 3
153 0 1084 3
153 0 1080 2
153 0 1081 2
153 0 1082 2
153 0 1085 3
153 0 1063 1
154 0 1087 4
154 0 1088 3
154 0 1063 1
155 0 1103 5
155 0 1100 4
155 0 983 3
155 0 1101 3
155 0 1104 3
155 0 1099 2
155 0 1065 1
156 0 983 5
156 0 1102 5
156 0 1097 4
156 0 1100 4
156 0 274 4
156 0 1096 3
156 0 1098 3
156 0 1099 3
156 0 1103 2
156 0 982 2
156 0 1104 5
156 0 553 4
156 0 1101 3
156 0 82 3
156 0 1065 1
157 0 273 4
157 0 1105 4
157 0 1106 4
157 0 93 3
157 0 161 3
157 0 302 3
157 0 122 2
157 0 666 2
157 0 1107 4
157 0 556 4
157 0 25 4
157 0 1011 3
157 0 19 3
157 0 35 3
157 0 1355 2
157 0 372 4
157 0 410 4
157 0 456 4
157 0 36 3
157 0 44 3
157 0 215 3
157 0 626 4
157 0 1151 4
157 0 354 3
157 0 369 3
157 0 370 3
157 0 421 3
157 0 557 3
157 0 605 3
157 0 655 3
157 0 657 3
157 0 689 3
157 0 1307 3
157 0 318 3
157 0 423 3
157 0 1304 3
157 0 160 3
157 0 482 3
157 0 572 3
157 0 1006 1
158 0 302 5
158 0 1011 5
158 0 552 4
158 0 998 3
158 0 1009 3
158 0 1010 3
158 0 273 2
158 0 556 2
158 0 1006 1
159 0 234 3
159 0 1108 3
159 0 1110 3
159 0 1114 2
159 0 1115 2
159 0 1111 3
159 0 1112 3
159 0 231 3
159 0 1066 1
160 0 1134 3
160 0 1137 3
160 0 1138 3
160 0 1135 2
160 0 1136 2
160 0 1071 1
161 0 54 4
161 0 1386 4
161 0 562 3
161 0 336 3
161 0 55 2
161 0 996 2
161 0 489 1
162 0 111 5
162 0 155 5
162 0 460 4
162 0 461 4
162 0 54 3
162 0 562 3
162 0 458 5
162 0 459 5
162 0 489 1
163 0 20 3
163 0 56 3
163 0 57 3
163 0 492 1
164 0 311 4
164 0 415 3
164 0 416 3
164 0 798 3
164 0 316 2
164 0 335 2
164 0 1364 3
164 0 1367 3
164 0 503 1
165 0 71 5
165 0 72 5
165 0 504 1
166 0 40 4
166 0 41 4
166 0 74 4
166 0 207 4
166 0 272 4
166 0 418 4
166 0 170 4
166 0 1264 4
166 0 504 1
167 0 274 4
167 0 82 3
167 0 509 1
168 0 217 5
168 0 774 5
168 0 750 1
169 0 118 5
169 0 157 5
169 0 774 5
169 0 775 5
169 0 750 1
170 0 139 4
170 0 238 4
170 0 239 3
170 0 904 3
170 0 906 3
170 0 672 3
170 0 893 1
171 0 252 5
171 0 431 5
171 0 141 2
171 0 516 1
172 0 320 5
172 0 321 5
172 0 322 3
172 0 476 3
172 0 527 1
173 0 367 5
173 0 451 5
173 0 532 1
174 0 58 5
174 0 411 5
174 0 36 4
174 0 423 2
174 0 482 5
174 0 533 1
175 0 351 4
175 0 966 4
175 0 967 4
175 0 964 3
175 0 965 3
175 0 941 1
176 0 582 5
176 0 583 5
176 0 584 3
176 0 585 3
176 0 978 2
176 0 586 5
176 0 982 5
176 0 542 1
177 0 588 4
177 0 589 4
177 0 592 3
177 0 772 3
177 0 590 2
177 0 543 1
178 0 591 5
178 0 590 3
178 0 588 2
178 0 589 2
178 0 543 1
179 0 680 3
179 0 681 3
179 0 682 3
179 0 683 3
179 0 633 1
180 0 622 4
180 0 619 3
180 0 620 3
180 0 621 3
180 0 617 2
180 0 616 2
180 0 1150 2
180 0 548 1
181 0 973 4
181 0 974 4
181 0 409 4
181 0 997 3
181 0 1061 3
181 0 942 1
182 0 685 5
182 0 686 3
182 0 634 1
183 0 803 5
183 0 808 5
183 0 802 4
183 0 807 3
183 0 811 3
183 0 253 3
183 0 804 2
183 0 805 2
183 0 806 2
183 0 809 5
183 0 810 2
183 0 1243 2
183 0 1247 2
183 0 758 1
184 0 32 3
184 0 67 3
184 0 715 3
184 0 717 2
184 0 716 3
184 0 499 3
184 0 1379 3
184 0 639 1
185 0 858 4
185 0 859 4
185 0 857 4
185 0 1008 3
185 0 856 3
185 0 15 2
185 0 285 2
185 0 894 2
185 0 766 4
185 0 948 1
186 0 1309 3
186 0 1378 3
186 0 923 3
186 0 161 2
186 0 421 2
186 0 1377 2
186 0 924 3
186 0 1062 3
186 0 1074 3
186 0 1379 2
186 0 1380 2
186 0 1075 3
186 0 225 3
186 0 1280 3
186 0 1305 3
186 0 1304 3
186 0 1188 1
187 0 838 3
187 0 839 3
187 0 840 3
187 0 743 2
187 0 842 3
187 0 1045 3
187 0 763 1
188 0 721 4
188 0 722 4
188 0 723 4
188 0 75 3
188 0 909 3
188 0 724 2
188 0 726 2
188 0 725 4
188 0 728 4
188 0 729 4
188 0 911 4
188 0 640 1
189 0 395 4
189 0 866 4
189 0 869 4
189 0 865 3
189 0 868 3
189 0 870 3
189 0 867 2
189 0 872 3
189 0 873 3
189 0 767 1
190 0 15 5
190 0 391 5
190 0 285 4
190 0 390 3
190 0 864 3
190 0 894 1
191 0 914 5
191 0 915 5
191 0 285 4
191 0 857 4
191 0 858 4
191 0 15 3
191 0 391 3
191 0 856 3
191 0 390 2
191 0 1008 2
191 0 948 3
191 0 864 3
191 0 658 3
191 0 894 1
192 0 733 5
192 0 734 5
192 0 735 5
192 0 736 5
192 0 641 1
193 0 730 3
193 0 422 3
193 0 648 3
193 0 731 2
193 0 733 2
193 0 734 2
193 0 1392 3
193 0 735 2
193 0 736 2
193 0 641 1
194 0 739 4
194 0 740 4
194 0 742 4
194 0 744 3
194 0 741 2
194 0 743 4
194 0 642 1
195 0 739 3
195 0 742 3
195 0 743 3
195 0 642 1
196 0 51 4
196 0 185 4
196 0 874 4
196 0 878 3
196 0 879 3
196 0 880 3
196 0 12 2
196 0 875 4
196 0 876 4
196 0 202 3
196 0 746 3
196 0 13 3
196 0 184 1
197 0 881 4
197 0 883 3
197 0 884 3
197 0 768 1
198 0 887 4
198 0 888 4
198 0 889 4
198 0 843 3
198 0 769 1
199 0 1052 5
199 0 1053 5
199 0 1054 4
199 0 1055 4
199 0 1056 4
199 0 1060 4
199 0 743 4
199 0 744 4
199 0 957 1
200 0 1134 4
200 0 1137 4
200 0 1138 4
200 0 1071 1
201 0 552 4
201 0 625 4
201 0 1296 4
201 0 93 3
201 0 1151 3
201 0 401 3
201 0 110 2
201 0 1391 2
201 0 423 2
201 0 541 3
201 0 1295 3
201 0 318 3
201 0 1304 2
201 0 160 2
201 0 369 2
201 0 482 2
201 0 1140 1
202 0 1303 4
202 0 1304 4
202 0 1309 4
202 0 1306 3
202 0 1308 3
202 0 605 3
202 0 602 2
202 0 603 2
202 0 604 2
202 0 1110 4
202 0 1305 2
202 0 1310 2
202 0 48 2
202 0 232 2
202 0 1285 1
203 0 58 3
203 0 1305 3
203 0 1306 3
203 0 602 2
203 0 603 2
203 0 604 2
203 0 1307 3
203 0 1310 3
203 0 19 3
203 0 232 2
203 0 323 2
203 0 688 2
203 0 122 3
203 0 1188 2
203 0 1285 1
204 0 572 4
204 0 1311 4
204 0 63 3
204 0 540 3
204 0 602 2
204 0 603 2
204 0 604 2
204 0 1305 2
204 0 1188 2
204 0 307 2
204 0 1213 2
204 0 655 2
204 0 1355 2
204 0 68 2
204 0 1285 1
205 0 1321 4
205 0 1322 4
205 0 1287 1
206 0 1338 4
206 0 1341 4
206 0 1340 3
206 0 1290 1
207 0 1338 4
207 0 1339 4
207 0 1340 3
207 0 1341 3
207 0 879 2
207 0 1290 1
208 0 163 3
208 0 1344 3
208 0 1345 3
208 0 164 2
208 0 1347 2
208 0 1346 3
208 0 1291 1
209 0 1351 4
209 0 1356 4
209 0 1350 3
209 0 187 3
209 0 487 3
209 0 45 2
209 0 55 2
209 0 316 2
209 0 1383 3
209 0 1385 3
209 0 1106 2
209 0 1228 2
209 0 1292 1
210 0 1171 4
210 0 891 3
210 0 1172 3
210 0 1173 3
210 0 1030 2
210 0 1174 3
210 0 1145 1
211 0 891 4
211 0 1172 4
211 0 1173 3
211 0 1174 3
211 0 763 3
211 0 769 2
211 0 1030 2
211 0 1031 2
211 0 1033 2
211 0 1052 2
211 0 1068 2
211 0 1145 1
212 0 888 4
212 0 889 4
212 0 1178 4
212 0 885 3
212 0 887 3
212 0 886 3
212 0 841 2
212 0 1176 2
212 0 1177 2
212 0 890 3
212 0 769 3
212 0 891 3
212 0 1173 3
212 0 843 3
212 0 1146 1
213 0 888 5
213 0 885 4
213 0 887 4
213 0 889 4
213 0 1178 3
213 0 769 3
213 0 1173 3
213 0 1177 2
213 0 886 3
213 0 890 3
213 0 843 3
213 0 1146 1
214 0 833 3
214 0 1361 3
214 0 1362 3
214 0 1363 3
214 0 1294 1
215 0 37 2
215 0 35 2
215 0 535 1
216 0 156 5
216 0 506 1
217 0 666 5
217 0 667 5
217 0 1258 4
217 0 1394 4
217 0 668 3
217 0 670 3
217 0 1204 3
217 0 1391 2
217 0 1395 5
217 0 1300 3
217 0 37 3
217 0 559 3
217 0 630 3
217 0 1107 3
217 0 1213 3
217 0 1191 1
218 0 24 5
218 0 101 5
218 0 666 3
218 0 667 3
218 0 93 3
218 0 1258 2
218 0 1393 5
218 0 559 3
218 0 630 3
218 0 662 3
218 0 1104 3
218 0 1107 3
218 0 1204 3
218 0 1213 3
218 0 1300 3
218 0 1191 1
219 0 1391 5
219 0 666 4
219 0 667 4
219 0 1258 4
219 0 1078 3
219 0 1080 3
219 0 1081 3
219 0 1394 4
219 0 1395 4
219 0 1214 3
219 0 1198 3
219 0 1204 3
219 0 1300 3
219 0 559 3
219 0 630 3
219 0 662 3
219 0 1107 3
219 0 1213 3
219 0 1191 1
220 0 1383 4
220 0 1385 4
220 0 155 3
220 0 241 3
220 0 1382 3
220 0 1370 2
220 0 1386 2
220 0 111 2
220 0 1384 3
220 0 150 3
220 0 292 3
220 0 458 2
220 0 479 2
220 0 977 2
220 0 376 3
220 0 459 3
220 0 1365 3
220 0 62 3
220 0 1366 3
220 0 1182 1
221 0 155 4
221 0 1383 4
221 0 1385 4
221 0 1382 3
221 0 62 3
221 0 292 3
221 0 241 2
221 0 1370 2
221 0 1384 2
221 0 458 3
221 0 459 3
221 0 461 3
221 0 1386 2
221 0 1365 3
221 0 1366 3
221 0 111 3
221 0 150 3
221 0 479 3
221 0 1182 1
222 0 400 3
222 0 419 3
222 0 1387 3
222 0 412 2
222 0 1392 2
222 0 1398 2
222 0 1397 3
222 0 1400 3
222 0 1399 2
222 0 1396 1
223 0 400 3
223 0 1387 3
223 0 1392 3
223 0 1398 3
223 0 1396 1
224 0 656 3
224 0 1313 3
224 0 1317 3
224 0 1316 2
224 0 1318 3
224 0 1319 3
224 0 1157 3
224 0 1274 3
224 0 1286 1
225 0 1379 4
225 0 1305 4
225 0 1304 4
225 0 40 3
225 0 293 3
225 0 1309 3
225 0 161 2
225 0 421 2
225 0 1377 2
225 0 1378 3
225 0 1381 3
225 0 225 3
225 0 1380 2
225 0 448 3
225 0 449 3
225 0 1124 3
225 0 1280 3
225 0 433 3
225 0 923 3
225 0 924 3
225 0 1062 3
225 0 1074 3
225 0 1075 3
225 0 1213 3
225 0 1188 1
